do the thing
   => Loading Basis Set <=

    Name: STO-3G
    Role: ORBITAL
    Keyword: BASIS
    atoms 1-60 entry C          line    61 file /home/vulcan/nlk36701/.conda/envs/helpme/share/psi4/basis/sto-3g.gbs 

MolSym Molecule:
   C       0.00000000     1.23594731     3.34553122
   C      -0.00000000     2.43960165     2.60163192
   C      -1.17545574     2.82153037     1.83777448
   C      -2.32019904     1.98982568     1.83777448
   C      -2.32019905     0.75387837     2.60163192
   C      -1.17545574     0.38192872     3.34553122
   C      -0.72647160    -0.99990238     3.34553122
   C       0.72647160    -0.99990238     3.34553122
   C       1.17545574     0.38192872     3.34553122
   C       2.32019905     0.75387837     2.60163192
   C       2.32019905     1.98982568     1.83777448
   C       1.17545574     2.82153037     1.83777448
   C       0.72647160     3.43950403     0.60182717
   C      -0.72647160     3.43950402     0.60182717
   C      -1.43396187     3.20962651    -0.60182717
   C      -2.60941761     2.35560792    -0.60182717
   C      -3.04667064     1.75378075     0.60182717
   C      -3.49565479     0.37194965     0.60182717
   C      -3.04667064    -0.24602401     1.83777448
   C      -2.60941762    -1.59175047     1.83777448
   C      -1.43396187    -1.97367920     2.60163192
   C      -0.70749027    -2.97358158     1.83777448
   C       0.70749027    -2.97358157     1.83777448
   C       1.43396187    -1.97367920     2.60163192
   C       2.60941761    -1.59175047     1.83777448
   C       3.04667065    -0.24602401     1.83777448
   C       3.49565479     0.37194964     0.60182717
   C       3.04667065     1.75378074     0.60182717
   C       2.60941761     2.35560792    -0.60182717
   C       1.43396187     3.20962651    -0.60182717
   C       0.70749027     2.97358158    -1.83777448
   C      -0.70749027     2.97358157    -1.83777448
   C      -1.43396187     1.97367920    -2.60163192
   C      -2.60941761     1.59175047    -1.83777448
   C      -3.04667065     0.24602401    -1.83777448
   C      -3.49565479    -0.37194964    -0.60182717
   C      -3.04667065    -1.75378074    -0.60182717
   C      -2.60941761    -2.35560792     0.60182717
   C      -1.43396187    -3.20962651     0.60182717
   C      -0.72647160    -3.43950403    -0.60182717
   C       0.72647160    -3.43950402    -0.60182717
   C       1.43396187    -3.20962651     0.60182717
   C       2.60941761    -2.35560792     0.60182717
   C       3.04667064    -1.75378075    -0.60182717
   C       3.49565479    -0.37194965    -0.60182717
   C       3.04667064     0.24602401    -1.83777448
   C       2.60941762     1.59175047    -1.83777448
   C       1.43396187     1.97367920    -2.60163192
   C       0.72647160     0.99990238    -3.34553122
   C      -0.72647160     0.99990238    -3.34553122
   C      -1.17545574    -0.38192872    -3.34553122
   C      -2.32019905    -0.75387837    -2.60163192
   C      -2.32019905    -1.98982568    -1.83777448
   C      -1.17545574    -2.82153037    -1.83777448
   C       0.00000000    -2.43960165    -2.60163192
   C       1.17545574    -2.82153037    -1.83777448
   C       2.32019904    -1.98982568    -1.83777448
   C       2.32019905    -0.75387837    -2.60163192
   C       1.17545574    -0.38192872    -3.34553122
   C      -0.00000000    -1.23594731    -3.34553122

[ 1.07626e-09, 1.23595, 3.34553 ]
[ -1.07626e-09, 2.4396, 2.60163 ]
[ -1.17546, 2.82153, 1.83777 ]
[ -2.3202, 1.98983, 1.83777 ]
[ -2.3202, 0.753878, 2.60163 ]
[ -1.17546, 0.381929, 3.34553 ]
[ -0.726472, -0.999902, 3.34553 ]
[ 0.726472, -0.999902, 3.34553 ]
[ 1.17546, 0.381929, 3.34553 ]
[ 2.3202, 0.753878, 2.60163 ]
[ 2.3202, 1.98983, 1.83777 ]
[ 1.17546, 2.82153, 1.83777 ]
[ 0.726472, 3.4395, 0.601827 ]
[ -0.726472, 3.4395, 0.601827 ]
[ -1.43396, 3.20963, -0.601827 ]
[ -2.60942, 2.35561, -0.601827 ]
[ -3.04667, 1.75378, 0.601827 ]
[ -3.49565, 0.37195, 0.601827 ]
[ -3.04667, -0.246024, 1.83777 ]
[ -2.60942, -1.59175, 1.83777 ]
[ -1.43396, -1.97368, 2.60163 ]
[ -0.70749, -2.97358, 1.83777 ]
[ 0.70749, -2.97358, 1.83777 ]
[ 1.43396, -1.97368, 2.60163 ]
[ 2.60942, -1.59175, 1.83777 ]
[ 3.04667, -0.246024, 1.83777 ]
[ 3.49565, 0.37195, 0.601827 ]
[ 3.04667, 1.75378, 0.601827 ]
[ 2.60942, 2.35561, -0.601827 ]
[ 1.43396, 3.20963, -0.601827 ]
[ 0.70749, 2.97358, -1.83777 ]
[ -0.70749, 2.97358, -1.83777 ]
[ -1.43396, 1.97368, -2.60163 ]
[ -2.60942, 1.59175, -1.83777 ]
[ -3.04667, 0.246024, -1.83777 ]
[ -3.49565, -0.37195, -0.601827 ]
[ -3.04667, -1.75378, -0.601827 ]
[ -2.60942, -2.35561, 0.601827 ]
[ -1.43396, -3.20963, 0.601827 ]
[ -0.726472, -3.4395, -0.601827 ]
[ 0.726472, -3.4395, -0.601827 ]
[ 1.43396, -3.20963, 0.601827 ]
[ 2.60942, -2.35561, 0.601827 ]
[ 3.04667, -1.75378, -0.601827 ]
[ 3.49565, -0.37195, -0.601827 ]
[ 3.04667, 0.246024, -1.83777 ]
[ 2.60942, 1.59175, -1.83777 ]
[ 1.43396, 1.97368, -2.60163 ]
[ 0.726472, 0.999902, -3.34553 ]
[ -0.726472, 0.999902, -3.34553 ]
[ -1.17546, -0.381929, -3.34553 ]
[ -2.3202, -0.753878, -2.60163 ]
[ -2.3202, -1.98983, -1.83777 ]
[ -1.17546, -2.82153, -1.83777 ]
[ 1.07626e-09, -2.4396, -2.60163 ]
[ 1.17546, -2.82153, -1.83777 ]
[ 2.3202, -1.98983, -1.83777 ]
[ 2.3202, -0.753878, -2.60163 ]
[ 1.17546, -0.381929, -3.34553 ]
[ -1.07626e-09, -1.23595, -3.34553 ]
0
0
1
0
0
1
0
0
1
0
0
1
0
0
1
0
0
1
0
0
1
0
0
1
0
0
1
0
0
1
0
0
1
0
0
1
0
0
1
0
0
1
0
0
1
0
0
1
0
0
1
0
0
1
0
0
1
0
0
1
0
0
1
0
0
1
0
0
1
0
0
1
0
0
1
0
0
1
0
0
1
0
0
1
0
0
1
0
0
1
0
0
1
0
0
1
0
0
1
0
0
1
0
0
1
0
0
1
0
0
1
0
0
1
0
0
1
0
0
1
0
0
1
0
0
1
0
0
1
0
0
1
0
0
1
0
0
1
0
0
1
0
0
1
0
0
1
0
0
1
0
0
1
0
0
1
0
0
1
0
0
1
0
0
1
0
0
1
0
0
1
0
0
1
0
0
1
0
0
1
the outers [[0, 0, 1], [0, 0, 1], [0, 0, 1], [0, 0, 1], [0, 0, 1], [0, 0, 1], [0, 0, 1], [0, 0, 1], [0, 0, 1], [0, 0, 1], [0, 0, 1], [0, 0, 1], [0, 0, 1], [0, 0, 1], [0, 0, 1], [0, 0, 1], [0, 0, 1], [0, 0, 1], [0, 0, 1], [0, 0, 1], [0, 0, 1], [0, 0, 1], [0, 0, 1], [0, 0, 1], [0, 0, 1], [0, 0, 1], [0, 0, 1], [0, 0, 1], [0, 0, 1], [0, 0, 1], [0, 0, 1], [0, 0, 1], [0, 0, 1], [0, 0, 1], [0, 0, 1], [0, 0, 1], [0, 0, 1], [0, 0, 1], [0, 0, 1], [0, 0, 1], [0, 0, 1], [0, 0, 1], [0, 0, 1], [0, 0, 1], [0, 0, 1], [0, 0, 1], [0, 0, 1], [0, 0, 1], [0, 0, 1], [0, 0, 1], [0, 0, 1], [0, 0, 1], [0, 0, 1], [0, 0, 1], [0, 0, 1], [0, 0, 1], [0, 0, 1], [0, 0, 1], [0, 0, 1], [0, 0, 1]]
Inside psi4_order
[5, 5, 5, 5, 5, 5, 5, 5, 5, 5, 5, 5, 5, 5, 5, 5, 5, 5, 5, 5, 5, 5, 5, 5, 5, 5, 5, 5, 5, 5, 5, 5, 5, 5, 5, 5, 5, 5, 5, 5, 5, 5, 5, 5, 5, 5, 5, 5, 5, 5, 5, 5, 5, 5, 5, 5, 5, 5, 5, 5]
[[0, 0, 1], [0, 0, 1], [0, 0, 1], [0, 0, 1], [0, 0, 1], [0, 0, 1], [0, 0, 1], [0, 0, 1], [0, 0, 1], [0, 0, 1], [0, 0, 1], [0, 0, 1], [0, 0, 1], [0, 0, 1], [0, 0, 1], [0, 0, 1], [0, 0, 1], [0, 0, 1], [0, 0, 1], [0, 0, 1], [0, 0, 1], [0, 0, 1], [0, 0, 1], [0, 0, 1], [0, 0, 1], [0, 0, 1], [0, 0, 1], [0, 0, 1], [0, 0, 1], [0, 0, 1], [0, 0, 1], [0, 0, 1], [0, 0, 1], [0, 0, 1], [0, 0, 1], [0, 0, 1], [0, 0, 1], [0, 0, 1], [0, 0, 1], [0, 0, 1], [0, 0, 1], [0, 0, 1], [0, 0, 1], [0, 0, 1], [0, 0, 1], [0, 0, 1], [0, 0, 1], [0, 0, 1], [0, 0, 1], [0, 0, 1], [0, 0, 1], [0, 0, 1], [0, 0, 1], [0, 0, 1], [0, 0, 1], [0, 0, 1], [0, 0, 1], [0, 0, 1], [0, 0, 1], [0, 0, 1]]
l 0
no change
l 0
no change
l 1
l 0
no change
l 0
no change
l 1
l 0
no change
l 0
no change
l 1
l 0
no change
l 0
no change
l 1
l 0
no change
l 0
no change
l 1
l 0
no change
l 0
no change
l 1
l 0
no change
l 0
no change
l 1
l 0
no change
l 0
no change
l 1
l 0
no change
l 0
no change
l 1
l 0
no change
l 0
no change
l 1
l 0
no change
l 0
no change
l 1
l 0
no change
l 0
no change
l 1
l 0
no change
l 0
no change
l 1
l 0
no change
l 0
no change
l 1
l 0
no change
l 0
no change
l 1
l 0
no change
l 0
no change
l 1
l 0
no change
l 0
no change
l 1
l 0
no change
l 0
no change
l 1
l 0
no change
l 0
no change
l 1
l 0
no change
l 0
no change
l 1
l 0
no change
l 0
no change
l 1
l 0
no change
l 0
no change
l 1
l 0
no change
l 0
no change
l 1
l 0
no change
l 0
no change
l 1
l 0
no change
l 0
no change
l 1
l 0
no change
l 0
no change
l 1
l 0
no change
l 0
no change
l 1
l 0
no change
l 0
no change
l 1
l 0
no change
l 0
no change
l 1
l 0
no change
l 0
no change
l 1
l 0
no change
l 0
no change
l 1
l 0
no change
l 0
no change
l 1
l 0
no change
l 0
no change
l 1
l 0
no change
l 0
no change
l 1
l 0
no change
l 0
no change
l 1
l 0
no change
l 0
no change
l 1
l 0
no change
l 0
no change
l 1
l 0
no change
l 0
no change
l 1
l 0
no change
l 0
no change
l 1
l 0
no change
l 0
no change
l 1
l 0
no change
l 0
no change
l 1
l 0
no change
l 0
no change
l 1
l 0
no change
l 0
no change
l 1
l 0
no change
l 0
no change
l 1
l 0
no change
l 0
no change
l 1
l 0
no change
l 0
no change
l 1
l 0
no change
l 0
no change
l 1
l 0
no change
l 0
no change
l 1
l 0
no change
l 0
no change
l 1
l 0
no change
l 0
no change
l 1
l 0
no change
l 0
no change
l 1
l 0
no change
l 0
no change
l 1
l 0
no change
l 0
no change
l 1
l 0
no change
l 0
no change
l 1
l 0
no change
l 0
no change
l 1
l 0
no change
l 0
no change
l 1
l 0
no change
l 0
no change
l 1
l 0
no change
l 0
no change
l 1
l 0
no change
l 0
no change
l 1
l 0
no change
l 0
no change
l 1
pp [0]
pp [1]
pp [3, 4, 2]
pp [5]
pp [6]
pp [8, 9, 7]
pp [10]
pp [11]
pp [13, 14, 12]
pp [15]
pp [16]
pp [18, 19, 17]
pp [20]
pp [21]
pp [23, 24, 22]
pp [25]
pp [26]
pp [28, 29, 27]
pp [30]
pp [31]
pp [33, 34, 32]
pp [35]
pp [36]
pp [38, 39, 37]
pp [40]
pp [41]
pp [43, 44, 42]
pp [45]
pp [46]
pp [48, 49, 47]
pp [50]
pp [51]
pp [53, 54, 52]
pp [55]
pp [56]
pp [58, 59, 57]
pp [60]
pp [61]
pp [63, 64, 62]
pp [65]
pp [66]
pp [68, 69, 67]
pp [70]
pp [71]
pp [73, 74, 72]
pp [75]
pp [76]
pp [78, 79, 77]
pp [80]
pp [81]
pp [83, 84, 82]
pp [85]
pp [86]
pp [88, 89, 87]
pp [90]
pp [91]
pp [93, 94, 92]
pp [95]
pp [96]
pp [98, 99, 97]
pp [100]
pp [101]
pp [103, 104, 102]
pp [105]
pp [106]
pp [108, 109, 107]
pp [110]
pp [111]
pp [113, 114, 112]
pp [115]
pp [116]
pp [118, 119, 117]
pp [120]
pp [121]
pp [123, 124, 122]
pp [125]
pp [126]
pp [128, 129, 127]
pp [130]
pp [131]
pp [133, 134, 132]
pp [135]
pp [136]
pp [138, 139, 137]
pp [140]
pp [141]
pp [143, 144, 142]
pp [145]
pp [146]
pp [148, 149, 147]
pp [150]
pp [151]
pp [153, 154, 152]
pp [155]
pp [156]
pp [158, 159, 157]
pp [160]
pp [161]
pp [163, 164, 162]
pp [165]
pp [166]
pp [168, 169, 167]
pp [170]
pp [171]
pp [173, 174, 172]
pp [175]
pp [176]
pp [178, 179, 177]
pp [180]
pp [181]
pp [183, 184, 182]
pp [185]
pp [186]
pp [188, 189, 187]
pp [190]
pp [191]
pp [193, 194, 192]
pp [195]
pp [196]
pp [198, 199, 197]
pp [200]
pp [201]
pp [203, 204, 202]
pp [205]
pp [206]
pp [208, 209, 207]
pp [210]
pp [211]
pp [213, 214, 212]
pp [215]
pp [216]
pp [218, 219, 217]
pp [220]
pp [221]
pp [223, 224, 222]
pp [225]
pp [226]
pp [228, 229, 227]
pp [230]
pp [231]
pp [233, 234, 232]
pp [235]
pp [236]
pp [238, 239, 237]
pp [240]
pp [241]
pp [243, 244, 242]
pp [245]
pp [246]
pp [248, 249, 247]
pp [250]
pp [251]
pp [253, 254, 252]
pp [255]
pp [256]
pp [258, 259, 257]
pp [260]
pp [261]
pp [263, 264, 262]
pp [265]
pp [266]
pp [268, 269, 267]
pp [270]
pp [271]
pp [273, 274, 272]
pp [275]
pp [276]
pp [278, 279, 277]
pp [280]
pp [281]
pp [283, 284, 282]
pp [285]
pp [286]
pp [288, 289, 287]
pp [290]
pp [291]
pp [293, 294, 292]
pp [295]
pp [296]
pp [298, 299, 297]
This is the PP
[0, 1, 3, 4, 2, 5, 6, 8, 9, 7, 10, 11, 13, 14, 12, 15, 16, 18, 19, 17, 20, 21, 23, 24, 22, 25, 26, 28, 29, 27, 30, 31, 33, 34, 32, 35, 36, 38, 39, 37, 40, 41, 43, 44, 42, 45, 46, 48, 49, 47, 50, 51, 53, 54, 52, 55, 56, 58, 59, 57, 60, 61, 63, 64, 62, 65, 66, 68, 69, 67, 70, 71, 73, 74, 72, 75, 76, 78, 79, 77, 80, 81, 83, 84, 82, 85, 86, 88, 89, 87, 90, 91, 93, 94, 92, 95, 96, 98, 99, 97, 100, 101, 103, 104, 102, 105, 106, 108, 109, 107, 110, 111, 113, 114, 112, 115, 116, 118, 119, 117, 120, 121, 123, 124, 122, 125, 126, 128, 129, 127, 130, 131, 133, 134, 132, 135, 136, 138, 139, 137, 140, 141, 143, 144, 142, 145, 146, 148, 149, 147, 150, 151, 153, 154, 152, 155, 156, 158, 159, 157, 160, 161, 163, 164, 162, 165, 166, 168, 169, 167, 170, 171, 173, 174, 172, 175, 176, 178, 179, 177, 180, 181, 183, 184, 182, 185, 186, 188, 189, 187, 190, 191, 193, 194, 192, 195, 196, 198, 199, 197, 200, 201, 203, 204, 202, 205, 206, 208, 209, 207, 210, 211, 213, 214, 212, 215, 216, 218, 219, 217, 220, 221, 223, 224, 222, 225, 226, 228, 229, 227, 230, 231, 233, 234, 232, 235, 236, 238, 239, 237, 240, 241, 243, 244, 242, 245, 246, 248, 249, 247, 250, 251, 253, 254, 252, 255, 256, 258, 259, 257, 260, 261, 263, 264, 262, 265, 266, 268, 269, 267, 270, 271, 273, 274, 272, 275, 276, 278, 279, 277, 280, 281, 283, 284, 282, 285, 286, 288, 289, 287, 290, 291, 293, 294, 292, 295, 296, 298, 299, 297]
did we reorder?
Generating symmetry operations in RSH basis
[
Symbol:          E: [[ 1.00000  0.00000  0.00000],[ 0.00000  1.00000  0.00000],[ 0.00000  0.00000  1.00000]], 
Symbol:     C_5(0): [[ 0.50000  0.68819  0.52573],[-0.16246  0.67082 -0.72361],[-0.85065  0.27639  0.44721]], 
Symbol:   C_5^2(0): [[-0.30902  0.95106  0.00000],[ 0.42533  0.13820 -0.89443],[-0.85065 -0.27639 -0.44721]], 
Symbol:   C_5^3(0): [[-0.30902  0.42533 -0.85065],[ 0.95106  0.13820 -0.27639],[ 0.00000 -0.89443 -0.44721]], 
Symbol:   C_5^4(0): [[ 0.50000 -0.16246 -0.85065],[ 0.68819  0.67082  0.27639],[ 0.52573 -0.72361  0.44721]], 
Symbol:     C_5(1): [[ 0.50000 -0.68819 -0.52573],[ 0.16246  0.67082 -0.72361],[ 0.85065  0.27639  0.44721]], 
Symbol:   C_5^2(1): [[-0.30902 -0.95106 -0.00000],[-0.42533  0.13820 -0.89443],[ 0.85065 -0.27639 -0.44721]], 
Symbol:   C_5^3(1): [[-0.30902 -0.42533  0.85065],[-0.95106  0.13820 -0.27639],[-0.00000 -0.89443 -0.44721]], 
Symbol:   C_5^4(1): [[ 0.50000  0.16246  0.85065],[-0.68819  0.67082  0.27639],[-0.52573 -0.72361  0.44721]], 
Symbol:     C_5(2): [[ 0.30902 -0.42533  0.85065],[ 0.42533  0.86180  0.27639],[-0.85065  0.27639  0.44721]], 
Symbol:   C_5^2(2): [[-0.80902 -0.26287  0.52573],[ 0.26287  0.63820  0.72361],[-0.52573  0.72361 -0.44721]], 
Symbol:   C_5^3(2): [[-0.80902  0.26287 -0.52573],[-0.26287  0.63820  0.72361],[ 0.52573  0.72361 -0.44721]], 
Symbol:   C_5^4(2): [[ 0.30902  0.42533 -0.85065],[-0.42533  0.86180  0.27639],[ 0.85065  0.27639  0.44721]], 
Symbol:     C_5(3): [[ 0.30902  0.95106  0.00000],[-0.95106  0.30902 -0.00000],[-0.00000 -0.00000  1.00000]], 
Symbol:   C_5^2(3): [[-0.80902  0.58779  0.00000],[-0.58779 -0.80902 -0.00000],[-0.00000 -0.00000  1.00000]], 
Symbol:   C_5^3(3): [[-0.80902 -0.58779 -0.00000],[ 0.58779 -0.80902 -0.00000],[ 0.00000 -0.00000  1.00000]], 
Symbol:   C_5^4(3): [[ 0.30902 -0.95106 -0.00000],[ 0.95106  0.30902 -0.00000],[ 0.00000 -0.00000  1.00000]], 
Symbol:     C_5(4): [[ 0.80902 -0.26287  0.52573],[ 0.58779  0.36180 -0.72361],[ 0.00000  0.89443  0.44721]], 
Symbol:   C_5^2(4): [[ 0.50000  0.16246  0.85065],[ 0.68819 -0.67082 -0.27639],[ 0.52573  0.72361 -0.44721]], 
Symbol:   C_5^3(4): [[ 0.50000  0.68819  0.52573],[ 0.16246 -0.67082  0.72361],[ 0.85065 -0.27639 -0.44721]], 
Symbol:   C_5^4(4): [[ 0.80902  0.58779  0.00000],[-0.26287  0.36180  0.89443],[ 0.52573 -0.72361  0.44721]], 
Symbol:     C_5(5): [[ 0.80902 -0.58779 -0.00000],[ 0.26287  0.36180  0.89443],[-0.52573 -0.72361  0.44721]], 
Symbol:   C_5^2(5): [[ 0.50000 -0.68819 -0.52573],[-0.16246 -0.67082  0.72361],[-0.85065 -0.27639 -0.44721]], 
Symbol:   C_5^3(5): [[ 0.50000 -0.16246 -0.85065],[-0.68819 -0.67082 -0.27639],[-0.52573  0.72361 -0.44721]], 
Symbol:   C_5^4(5): [[ 0.80902  0.26287 -0.52573],[-0.58779  0.36180 -0.72361],[-0.00000  0.89443  0.44721]], 
Symbol:     C_3(0): [[ 0.00000  0.52573  0.85065],[ 0.85065  0.44721 -0.27639],[-0.52573  0.72361 -0.44721]], 
Symbol:   C_3^2(0): [[ 0.00000  0.85065 -0.52573],[ 0.52573  0.44721  0.72361],[ 0.85065 -0.27639 -0.44721]], 
Symbol:     C_3(1): [[ 0.00000  0.85065 -0.52573],[-0.52573 -0.44721 -0.72361],[-0.85065  0.27639  0.44721]], 
Symbol:   C_3^2(1): [[-0.00000 -0.52573 -0.85065],[ 0.85065 -0.44721  0.27639],[-0.52573 -0.72361  0.44721]], 
Symbol:     C_3(2): [[ 0.00000 -0.85065  0.52573],[ 0.52573 -0.44721 -0.72361],[ 0.85065  0.27639  0.44721]], 
Symbol:   C_3^2(2): [[-0.00000  0.52573  0.85065],[-0.85065 -0.44721  0.27639],[ 0.52573 -0.72361  0.44721]], 
Symbol:     C_3(3): [[ 0.00000 -0.85065  0.52573],[-0.52573  0.44721  0.72361],[-0.85065 -0.27639 -0.44721]], 
Symbol:   C_3^2(3): [[ 0.00000 -0.52573 -0.85065],[-0.85065  0.44721 -0.27639],[ 0.52573  0.72361 -0.44721]], 
Symbol:     C_3(4): [[-0.50000  0.16246  0.85065],[-0.16246  0.94721 -0.27639],[-0.85065 -0.27639 -0.44721]], 
Symbol:   C_3^2(4): [[-0.50000 -0.16246 -0.85065],[ 0.16246  0.94721 -0.27639],[ 0.85065 -0.27639 -0.44721]], 
Symbol:     C_3(5): [[-0.50000  0.68819  0.52573],[-0.68819  0.05279 -0.72361],[-0.52573 -0.72361  0.44721]], 
Symbol:   C_3^2(5): [[-0.50000 -0.68819 -0.52573],[ 0.68819  0.05279 -0.72361],[ 0.52573 -0.72361  0.44721]], 
Symbol:     C_3(6): [[-0.30902 -0.42533  0.85065],[ 0.95106 -0.13820  0.27639],[ 0.00000  0.89443  0.44721]], 
Symbol:   C_3^2(6): [[-0.30902  0.95106  0.00000],[-0.42533 -0.13820  0.89443],[ 0.85065  0.27639  0.44721]], 
Symbol:     C_3(7): [[-0.30902 -0.95106  0.00000],[ 0.42533 -0.13820  0.89443],[-0.85065  0.27639  0.44721]], 
Symbol:   C_3^2(7): [[-0.30902  0.42533 -0.85065],[-0.95106 -0.13820  0.27639],[-0.00000  0.89443  0.44721]], 
Symbol:     C_3(8): [[ 0.80902  0.58779  0.00000],[ 0.26287 -0.36180 -0.89443],[-0.52573  0.72361 -0.44721]], 
Symbol:   C_3^2(8): [[ 0.80902  0.26287 -0.52573],[ 0.58779 -0.36180  0.72361],[-0.00000 -0.89443 -0.44721]], 
Symbol:     C_3(9): [[ 0.80902 -0.58779 -0.00000],[-0.26287 -0.36180 -0.89443],[ 0.52573  0.72361 -0.44721]], 
Symbol:   C_3^2(9): [[ 0.80902 -0.26287  0.52573],[-0.58779 -0.36180  0.72361],[ 0.00000 -0.89443 -0.44721]], 
Symbol:     C_2(0): [[-0.80902  0.58779  0.00000],[ 0.58779  0.80902  0.00000],[-0.00000  0.00000 -1.00000]], 
Symbol:     C_2(1): [[-0.50000  0.68819  0.52573],[ 0.68819 -0.05279  0.72361],[ 0.52573  0.72361 -0.44721]], 
Symbol:     C_2(2): [[ 0.30902  0.95106  0.00000],[ 0.95106 -0.30902  0.00000],[ 0.00000  0.00000 -1.00000]], 
Symbol:     C_2(3): [[-0.80902  0.26287 -0.52573],[ 0.26287 -0.63820 -0.72361],[-0.52573 -0.72361  0.44721]], 
Symbol:     C_2(4): [[-0.50000 -0.16246 -0.85065],[-0.16246 -0.94721  0.27639],[-0.85065  0.27639  0.44721]], 
Symbol:     C_2(5): [[ 0.30902  0.42533 -0.85065],[ 0.42533 -0.86180 -0.27639],[-0.85065 -0.27639 -0.44721]], 
Symbol:     C_2(6): [[-0.80902 -0.26287  0.52573],[-0.26287 -0.63820 -0.72361],[ 0.52573 -0.72361  0.44721]], 
Symbol:     C_2(7): [[-0.50000  0.16246  0.85065],[ 0.16246 -0.94721  0.27639],[ 0.85065  0.27639  0.44721]], 
Symbol:     C_2(8): [[ 0.30902 -0.42533  0.85065],[-0.42533 -0.86180 -0.27639],[ 0.85065 -0.27639 -0.44721]], 
Symbol:     C_2(9): [[-0.80902 -0.58779  0.00000],[-0.58779  0.80902  0.00000],[-0.00000  0.00000 -1.00000]], 
Symbol:    C_2(10): [[-0.50000 -0.68819 -0.52573],[-0.68819 -0.05279  0.72361],[-0.52573  0.72361 -0.44721]], 
Symbol:    C_2(11): [[ 0.30902 -0.95106 -0.00000],[-0.95106 -0.30902  0.00000],[-0.00000  0.00000 -1.00000]], 
Symbol:    C_2(12): [[-1.00000  0.00000  0.00000],[-0.00000  0.44721 -0.89443],[-0.00000 -0.89443 -0.44721]], 
Symbol:    C_2(13): [[-1.00000 -0.00000  0.00000],[ 0.00000 -0.44721  0.89443],[-0.00000  0.89443  0.44721]], 
Symbol:    C_2(14): [[ 1.00000  0.00000  0.00000],[ 0.00000 -1.00000 -0.00000],[ 0.00000  0.00000 -1.00000]], 
Symbol:          i: [[-1.00000 -0.00000 -0.00000],[-0.00000 -1.00000 -0.00000],[-0.00000 -0.00000 -1.00000]], 
Symbol:    S_10(0): [[ 0.30902 -0.42533  0.85065],[-0.95106 -0.13820  0.27639],[-0.00000  0.89443  0.44721]], 
Symbol:  S_10^3(0): [[-0.50000  0.16246  0.85065],[-0.68819 -0.67082 -0.27639],[-0.52573  0.72361 -0.44721]], 
Symbol:  S_10^7(0): [[-0.50000 -0.68819 -0.52573],[ 0.16246 -0.67082  0.72361],[ 0.85065 -0.27639 -0.44721]], 
Symbol:  S_10^9(0): [[ 0.30902 -0.95106 -0.00000],[-0.42533 -0.13820  0.89443],[ 0.85065  0.27639  0.44721]], 
Symbol:    S_10(1): [[ 0.30902  0.42533 -0.85065],[ 0.95106 -0.13820  0.27639],[ 0.00000  0.89443  0.44721]], 
Symbol:  S_10^3(1): [[-0.50000 -0.16246 -0.85065],[ 0.68819 -0.67082 -0.27639],[ 0.52573  0.72361 -0.44721]], 
Symbol:  S_10^7(1): [[-0.50000  0.68819  0.52573],[-0.16246 -0.67082  0.72361],[-0.85065 -0.27639 -0.44721]], 
Symbol:  S_10^9(1): [[ 0.30902  0.95106  0.00000],[ 0.42533 -0.13820  0.89443],[-0.85065  0.27639  0.44721]], 
Symbol:    S_10(2): [[ 0.80902 -0.26287  0.52573],[ 0.26287 -0.63820 -0.72361],[-0.52573 -0.72361  0.44721]], 
Symbol:  S_10^3(2): [[-0.30902 -0.42533  0.85065],[ 0.42533 -0.86180 -0.27639],[-0.85065 -0.27639 -0.44721]], 
Symbol:  S_10^7(2): [[-0.30902  0.42533 -0.85065],[-0.42533 -0.86180 -0.27639],[ 0.85065 -0.27639 -0.44721]], 
Symbol:  S_10^9(2): [[ 0.80902  0.26287 -0.52573],[-0.26287 -0.63820 -0.72361],[ 0.52573 -0.72361  0.44721]], 
Symbol:    S_10(3): [[ 0.80902  0.58779  0.00000],[-0.58779  0.80902  0.00000],[-0.00000  0.00000 -1.00000]], 
Symbol:  S_10^3(3): [[-0.30902  0.95106  0.00000],[-0.95106 -0.30902  0.00000],[-0.00000  0.00000 -1.00000]], 
Symbol:  S_10^7(3): [[-0.30902 -0.95106 -0.00000],[ 0.95106 -0.30902  0.00000],[ 0.00000  0.00000 -1.00000]], 
Symbol:  S_10^9(3): [[ 0.80902 -0.58779 -0.00000],[ 0.58779  0.80902  0.00000],[ 0.00000  0.00000 -1.00000]], 
Symbol:    S_10(4): [[-0.50000 -0.68819 -0.52573],[-0.16246  0.67082 -0.72361],[-0.85065  0.27639  0.44721]], 
Symbol:  S_10^3(4): [[-0.80902 -0.58779 -0.00000],[ 0.26287 -0.36180 -0.89443],[-0.52573  0.72361 -0.44721]], 
Symbol:  S_10^7(4): [[-0.80902  0.26287 -0.52573],[-0.58779 -0.36180  0.72361],[-0.00000 -0.89443 -0.44721]], 
Symbol:  S_10^9(4): [[-0.50000 -0.16246 -0.85065],[-0.68819  0.67082  0.27639],[-0.52573 -0.72361  0.44721]], 
Symbol:    S_10(5): [[-0.50000  0.16246  0.85065],[ 0.68819  0.67082  0.27639],[ 0.52573 -0.72361  0.44721]], 
Symbol:  S_10^3(5): [[-0.80902 -0.26287  0.52573],[ 0.58779 -0.36180  0.72361],[ 0.00000 -0.89443 -0.44721]], 
Symbol:  S_10^7(5): [[-0.80902  0.58779  0.00000],[-0.26287 -0.36180 -0.89443],[ 0.52573  0.72361 -0.44721]], 
Symbol:  S_10^9(5): [[-0.50000  0.68819  0.52573],[ 0.16246  0.67082 -0.72361],[ 0.85065  0.27639  0.44721]], 
Symbol:     S_6(0): [[-0.00000 -0.85065  0.52573],[-0.52573 -0.44721 -0.72361],[-0.85065  0.27639  0.44721]], 
Symbol:   S_6^5(0): [[-0.00000 -0.52573 -0.85065],[-0.85065 -0.44721  0.27639],[ 0.52573 -0.72361  0.44721]], 
Symbol:     S_6(1): [[-0.00000  0.52573  0.85065],[-0.85065  0.44721 -0.27639],[ 0.52573  0.72361 -0.44721]], 
Symbol:   S_6^5(1): [[-0.00000 -0.85065  0.52573],[ 0.52573  0.44721  0.72361],[ 0.85065 -0.27639 -0.44721]], 
Symbol:     S_6(2): [[-0.00000 -0.52573 -0.85065],[ 0.85065  0.44721 -0.27639],[-0.52573  0.72361 -0.44721]], 
Symbol:   S_6^5(2): [[-0.00000  0.85065 -0.52573],[-0.52573  0.44721  0.72361],[-0.85065 -0.27639 -0.44721]], 
Symbol:     S_6(3): [[-0.00000  0.52573  0.85065],[ 0.85065 -0.44721  0.27639],[-0.52573 -0.72361  0.44721]], 
Symbol:   S_6^5(3): [[-0.00000  0.85065 -0.52573],[ 0.52573 -0.44721 -0.72361],[ 0.85065  0.27639  0.44721]], 
Symbol:     S_6(4): [[ 0.50000  0.16246  0.85065],[-0.16246 -0.94721  0.27639],[-0.85065  0.27639  0.44721]], 
Symbol:   S_6^5(4): [[ 0.50000 -0.16246 -0.85065],[ 0.16246 -0.94721  0.27639],[ 0.85065  0.27639  0.44721]], 
Symbol:     S_6(5): [[ 0.50000  0.68819  0.52573],[-0.68819 -0.05279  0.72361],[-0.52573  0.72361 -0.44721]], 
Symbol:   S_6^5(5): [[ 0.50000 -0.68819 -0.52573],[ 0.68819 -0.05279  0.72361],[ 0.52573  0.72361 -0.44721]], 
Symbol:     S_6(6): [[ 0.30902 -0.95106 -0.00000],[ 0.42533  0.13820 -0.89443],[-0.85065 -0.27639 -0.44721]], 
Symbol:   S_6^5(6): [[ 0.30902  0.42533 -0.85065],[-0.95106  0.13820 -0.27639],[-0.00000 -0.89443 -0.44721]], 
Symbol:     S_6(7): [[ 0.30902 -0.42533  0.85065],[ 0.95106  0.13820 -0.27639],[ 0.00000 -0.89443 -0.44721]], 
Symbol:   S_6^5(7): [[ 0.30902  0.95106  0.00000],[-0.42533  0.13820 -0.89443],[ 0.85065 -0.27639 -0.44721]], 
Symbol:     S_6(8): [[-0.80902 -0.26287  0.52573],[-0.58779  0.36180 -0.72361],[-0.00000  0.89443  0.44721]], 
Symbol:   S_6^5(8): [[-0.80902 -0.58779  0.00000],[-0.26287  0.36180  0.89443],[ 0.52573 -0.72361  0.44721]], 
Symbol:     S_6(9): [[-0.80902  0.26287 -0.52573],[ 0.58779  0.36180 -0.72361],[ 0.00000  0.89443  0.44721]], 
Symbol:   S_6^5(9): [[-0.80902  0.58779 -0.00000],[ 0.26287  0.36180  0.89443],[-0.52573 -0.72361  0.44721]], 
Symbol:   sigma(0): [[ 0.80902 -0.58779 -0.00000],[-0.58779 -0.80902 -0.00000],[-0.00000 -0.00000  1.00000]], 
Symbol:   sigma(1): [[ 0.50000 -0.68819 -0.52573],[-0.68819  0.05279 -0.72361],[-0.52573 -0.72361  0.44721]], 
Symbol:   sigma(2): [[-0.30902 -0.95106 -0.00000],[-0.95106  0.30902 -0.00000],[-0.00000 -0.00000  1.00000]], 
Symbol:   sigma(3): [[ 0.80902 -0.26287  0.52573],[-0.26287  0.63820  0.72361],[ 0.52573  0.72361 -0.44721]], 
Symbol:   sigma(4): [[ 0.50000  0.16246  0.85065],[ 0.16246  0.94721 -0.27639],[ 0.85065 -0.27639 -0.44721]], 
Symbol:   sigma(5): [[-0.30902 -0.42533  0.85065],[-0.42533  0.86180  0.27639],[ 0.85065  0.27639  0.44721]], 
Symbol:   sigma(6): [[ 0.80902  0.26287 -0.52573],[ 0.26287  0.63820  0.72361],[-0.52573  0.72361 -0.44721]], 
Symbol:   sigma(7): [[ 0.50000 -0.16246 -0.85065],[-0.16246  0.94721 -0.27639],[-0.85065 -0.27639 -0.44721]], 
Symbol:   sigma(8): [[-0.30902  0.42533 -0.85065],[ 0.42533  0.86180  0.27639],[-0.85065  0.27639  0.44721]], 
Symbol:   sigma(9): [[ 0.80902  0.58779  0.00000],[ 0.58779 -0.80902 -0.00000],[ 0.00000 -0.00000  1.00000]], 
Symbol:  sigma(10): [[ 0.50000  0.68819  0.52573],[ 0.68819  0.05279 -0.72361],[ 0.52573 -0.72361  0.44721]], 
Symbol:  sigma(11): [[-0.30902  0.95106  0.00000],[ 0.95106  0.30902 -0.00000],[ 0.00000 -0.00000  1.00000]], 
Symbol:  sigma(12): [[ 1.00000 -0.00000  0.00000],[-0.00000 -0.44721  0.89443],[ 0.00000  0.89443  0.44721]], 
Symbol:  sigma(13): [[ 1.00000 -0.00000 -0.00000],[-0.00000  0.44721 -0.89443],[-0.00000 -0.89443 -0.44721]], 
Symbol:  sigma(14): [[-1.00000 -0.00000 -0.00000],[-0.00000  1.00000 -0.00000],[-0.00000 -0.00000  1.00000]]]
[[1. 0. 0.]
 [0. 1. 0.]
 [0. 0. 1.]]
[[0. 0. 1.]
 [1. 0. 0.]
 [0. 1. 0.]]
[[1. 0. 0.]
 [0. 1. 0.]
 [0. 0. 1.]]
[[-0.8507  0.2764  0.4472]
 [ 0.5     0.6882  0.5257]
 [-0.1625  0.6708 -0.7236]]
[[1. 0. 0.]
 [0. 1. 0.]
 [0. 0. 1.]]
[[-0.8507 -0.2764 -0.4472]
 [-0.309   0.9511  0.    ]
 [ 0.4253  0.1382 -0.8944]]
[[1. 0. 0.]
 [0. 1. 0.]
 [0. 0. 1.]]
[[ 0.     -0.8944 -0.4472]
 [-0.309   0.4253 -0.8507]
 [ 0.9511  0.1382 -0.2764]]
[[1. 0. 0.]
 [0. 1. 0.]
 [0. 0. 1.]]
[[ 0.5257 -0.7236  0.4472]
 [ 0.5    -0.1625 -0.8507]
 [ 0.6882  0.6708  0.2764]]
[[1. 0. 0.]
 [0. 1. 0.]
 [0. 0. 1.]]
[[ 0.8507  0.2764  0.4472]
 [ 0.5    -0.6882 -0.5257]
 [ 0.1625  0.6708 -0.7236]]
[[1. 0. 0.]
 [0. 1. 0.]
 [0. 0. 1.]]
[[ 0.8507 -0.2764 -0.4472]
 [-0.309  -0.9511 -0.    ]
 [-0.4253  0.1382 -0.8944]]
[[1. 0. 0.]
 [0. 1. 0.]
 [0. 0. 1.]]
[[-0.     -0.8944 -0.4472]
 [-0.309  -0.4253  0.8507]
 [-0.9511  0.1382 -0.2764]]
[[1. 0. 0.]
 [0. 1. 0.]
 [0. 0. 1.]]
[[-0.5257 -0.7236  0.4472]
 [ 0.5     0.1625  0.8507]
 [-0.6882  0.6708  0.2764]]
[[1. 0. 0.]
 [0. 1. 0.]
 [0. 0. 1.]]
[[-0.8507  0.2764  0.4472]
 [ 0.309  -0.4253  0.8507]
 [ 0.4253  0.8618  0.2764]]
[[1. 0. 0.]
 [0. 1. 0.]
 [0. 0. 1.]]
[[-0.5257  0.7236 -0.4472]
 [-0.809  -0.2629  0.5257]
 [ 0.2629  0.6382  0.7236]]
[[1. 0. 0.]
 [0. 1. 0.]
 [0. 0. 1.]]
[[ 0.5257  0.7236 -0.4472]
 [-0.809   0.2629 -0.5257]
 [-0.2629  0.6382  0.7236]]
[[1. 0. 0.]
 [0. 1. 0.]
 [0. 0. 1.]]
[[ 0.8507  0.2764  0.4472]
 [ 0.309   0.4253 -0.8507]
 [-0.4253  0.8618  0.2764]]
[[1. 0. 0.]
 [0. 1. 0.]
 [0. 0. 1.]]
[[-0.     -0.      1.    ]
 [ 0.309   0.9511  0.    ]
 [-0.9511  0.309  -0.    ]]
[[1. 0. 0.]
 [0. 1. 0.]
 [0. 0. 1.]]
[[-0.     -0.      1.    ]
 [-0.809   0.5878  0.    ]
 [-0.5878 -0.809  -0.    ]]
[[1. 0. 0.]
 [0. 1. 0.]
 [0. 0. 1.]]
[[ 0.     -0.      1.    ]
 [-0.809  -0.5878 -0.    ]
 [ 0.5878 -0.809  -0.    ]]
[[1. 0. 0.]
 [0. 1. 0.]
 [0. 0. 1.]]
[[ 0.     -0.      1.    ]
 [ 0.309  -0.9511 -0.    ]
 [ 0.9511  0.309  -0.    ]]
[[1. 0. 0.]
 [0. 1. 0.]
 [0. 0. 1.]]
[[ 0.      0.8944  0.4472]
 [ 0.809  -0.2629  0.5257]
 [ 0.5878  0.3618 -0.7236]]
[[1. 0. 0.]
 [0. 1. 0.]
 [0. 0. 1.]]
[[ 0.5257  0.7236 -0.4472]
 [ 0.5     0.1625  0.8507]
 [ 0.6882 -0.6708 -0.2764]]
[[1. 0. 0.]
 [0. 1. 0.]
 [0. 0. 1.]]
[[ 0.8507 -0.2764 -0.4472]
 [ 0.5     0.6882  0.5257]
 [ 0.1625 -0.6708  0.7236]]
[[1. 0. 0.]
 [0. 1. 0.]
 [0. 0. 1.]]
[[ 0.5257 -0.7236  0.4472]
 [ 0.809   0.5878  0.    ]
 [-0.2629  0.3618  0.8944]]
[[1. 0. 0.]
 [0. 1. 0.]
 [0. 0. 1.]]
[[-0.5257 -0.7236  0.4472]
 [ 0.809  -0.5878 -0.    ]
 [ 0.2629  0.3618  0.8944]]
[[1. 0. 0.]
 [0. 1. 0.]
 [0. 0. 1.]]
[[-0.8507 -0.2764 -0.4472]
 [ 0.5    -0.6882 -0.5257]
 [-0.1625 -0.6708  0.7236]]
[[1. 0. 0.]
 [0. 1. 0.]
 [0. 0. 1.]]
[[-0.5257  0.7236 -0.4472]
 [ 0.5    -0.1625 -0.8507]
 [-0.6882 -0.6708 -0.2764]]
[[1. 0. 0.]
 [0. 1. 0.]
 [0. 0. 1.]]
[[-0.      0.8944  0.4472]
 [ 0.809   0.2629 -0.5257]
 [-0.5878  0.3618 -0.7236]]
[[1. 0. 0.]
 [0. 1. 0.]
 [0. 0. 1.]]
[[-0.5257  0.7236 -0.4472]
 [ 0.      0.5257  0.8507]
 [ 0.8507  0.4472 -0.2764]]
[[1. 0. 0.]
 [0. 1. 0.]
 [0. 0. 1.]]
[[ 0.8507 -0.2764 -0.4472]
 [ 0.      0.8507 -0.5257]
 [ 0.5257  0.4472  0.7236]]
[[1. 0. 0.]
 [0. 1. 0.]
 [0. 0. 1.]]
[[-0.8507  0.2764  0.4472]
 [ 0.      0.8507 -0.5257]
 [-0.5257 -0.4472 -0.7236]]
[[1. 0. 0.]
 [0. 1. 0.]
 [0. 0. 1.]]
[[-0.5257 -0.7236  0.4472]
 [-0.     -0.5257 -0.8507]
 [ 0.8507 -0.4472  0.2764]]
[[1. 0. 0.]
 [0. 1. 0.]
 [0. 0. 1.]]
[[ 0.8507  0.2764  0.4472]
 [ 0.     -0.8507  0.5257]
 [ 0.5257 -0.4472 -0.7236]]
[[1. 0. 0.]
 [0. 1. 0.]
 [0. 0. 1.]]
[[ 0.5257 -0.7236  0.4472]
 [-0.      0.5257  0.8507]
 [-0.8507 -0.4472  0.2764]]
[[1. 0. 0.]
 [0. 1. 0.]
 [0. 0. 1.]]
[[-0.8507 -0.2764 -0.4472]
 [ 0.     -0.8507  0.5257]
 [-0.5257  0.4472  0.7236]]
[[1. 0. 0.]
 [0. 1. 0.]
 [0. 0. 1.]]
[[ 0.5257  0.7236 -0.4472]
 [ 0.     -0.5257 -0.8507]
 [-0.8507  0.4472 -0.2764]]
[[1. 0. 0.]
 [0. 1. 0.]
 [0. 0. 1.]]
[[-0.8507 -0.2764 -0.4472]
 [-0.5     0.1625  0.8507]
 [-0.1625  0.9472 -0.2764]]
[[1. 0. 0.]
 [0. 1. 0.]
 [0. 0. 1.]]
[[ 0.8507 -0.2764 -0.4472]
 [-0.5    -0.1625 -0.8507]
 [ 0.1625  0.9472 -0.2764]]
[[1. 0. 0.]
 [0. 1. 0.]
 [0. 0. 1.]]
[[-0.5257 -0.7236  0.4472]
 [-0.5     0.6882  0.5257]
 [-0.6882  0.0528 -0.7236]]
[[1. 0. 0.]
 [0. 1. 0.]
 [0. 0. 1.]]
[[ 0.5257 -0.7236  0.4472]
 [-0.5    -0.6882 -0.5257]
 [ 0.6882  0.0528 -0.7236]]
[[1. 0. 0.]
 [0. 1. 0.]
 [0. 0. 1.]]
[[ 0.      0.8944  0.4472]
 [-0.309  -0.4253  0.8507]
 [ 0.9511 -0.1382  0.2764]]
[[1. 0. 0.]
 [0. 1. 0.]
 [0. 0. 1.]]
[[ 0.8507  0.2764  0.4472]
 [-0.309   0.9511  0.    ]
 [-0.4253 -0.1382  0.8944]]
[[1. 0. 0.]
 [0. 1. 0.]
 [0. 0. 1.]]
[[-0.8507  0.2764  0.4472]
 [-0.309  -0.9511  0.    ]
 [ 0.4253 -0.1382  0.8944]]
[[1. 0. 0.]
 [0. 1. 0.]
 [0. 0. 1.]]
[[-0.      0.8944  0.4472]
 [-0.309   0.4253 -0.8507]
 [-0.9511 -0.1382  0.2764]]
[[1. 0. 0.]
 [0. 1. 0.]
 [0. 0. 1.]]
[[-0.5257  0.7236 -0.4472]
 [ 0.809   0.5878  0.    ]
 [ 0.2629 -0.3618 -0.8944]]
[[1. 0. 0.]
 [0. 1. 0.]
 [0. 0. 1.]]
[[-0.     -0.8944 -0.4472]
 [ 0.809   0.2629 -0.5257]
 [ 0.5878 -0.3618  0.7236]]
[[1. 0. 0.]
 [0. 1. 0.]
 [0. 0. 1.]]
[[ 0.5257  0.7236 -0.4472]
 [ 0.809  -0.5878 -0.    ]
 [-0.2629 -0.3618 -0.8944]]
[[1. 0. 0.]
 [0. 1. 0.]
 [0. 0. 1.]]
[[ 0.     -0.8944 -0.4472]
 [ 0.809  -0.2629  0.5257]
 [-0.5878 -0.3618  0.7236]]
[[1. 0. 0.]
 [0. 1. 0.]
 [0. 0. 1.]]
[[-0.      0.     -1.    ]
 [-0.809   0.5878  0.    ]
 [ 0.5878  0.809   0.    ]]
[[1. 0. 0.]
 [0. 1. 0.]
 [0. 0. 1.]]
[[ 0.5257  0.7236 -0.4472]
 [-0.5     0.6882  0.5257]
 [ 0.6882 -0.0528  0.7236]]
[[1. 0. 0.]
 [0. 1. 0.]
 [0. 0. 1.]]
[[ 0.      0.     -1.    ]
 [ 0.309   0.9511  0.    ]
 [ 0.9511 -0.309   0.    ]]
[[1. 0. 0.]
 [0. 1. 0.]
 [0. 0. 1.]]
[[-0.5257 -0.7236  0.4472]
 [-0.809   0.2629 -0.5257]
 [ 0.2629 -0.6382 -0.7236]]
[[1. 0. 0.]
 [0. 1. 0.]
 [0. 0. 1.]]
[[-0.8507  0.2764  0.4472]
 [-0.5    -0.1625 -0.8507]
 [-0.1625 -0.9472  0.2764]]
[[1. 0. 0.]
 [0. 1. 0.]
 [0. 0. 1.]]
[[-0.8507 -0.2764 -0.4472]
 [ 0.309   0.4253 -0.8507]
 [ 0.4253 -0.8618 -0.2764]]
[[1. 0. 0.]
 [0. 1. 0.]
 [0. 0. 1.]]
[[ 0.5257 -0.7236  0.4472]
 [-0.809  -0.2629  0.5257]
 [-0.2629 -0.6382 -0.7236]]
[[1. 0. 0.]
 [0. 1. 0.]
 [0. 0. 1.]]
[[ 0.8507  0.2764  0.4472]
 [-0.5     0.1625  0.8507]
 [ 0.1625 -0.9472  0.2764]]
[[1. 0. 0.]
 [0. 1. 0.]
 [0. 0. 1.]]
[[ 0.8507 -0.2764 -0.4472]
 [ 0.309  -0.4253  0.8507]
 [-0.4253 -0.8618 -0.2764]]
[[1. 0. 0.]
 [0. 1. 0.]
 [0. 0. 1.]]
[[-0.      0.     -1.    ]
 [-0.809  -0.5878  0.    ]
 [-0.5878  0.809   0.    ]]
[[1. 0. 0.]
 [0. 1. 0.]
 [0. 0. 1.]]
[[-0.5257  0.7236 -0.4472]
 [-0.5    -0.6882 -0.5257]
 [-0.6882 -0.0528  0.7236]]
[[1. 0. 0.]
 [0. 1. 0.]
 [0. 0. 1.]]
[[-0.      0.     -1.    ]
 [ 0.309  -0.9511 -0.    ]
 [-0.9511 -0.309   0.    ]]
[[1. 0. 0.]
 [0. 1. 0.]
 [0. 0. 1.]]
[[-0.     -0.8944 -0.4472]
 [-1.      0.      0.    ]
 [-0.      0.4472 -0.8944]]
[[1. 0. 0.]
 [0. 1. 0.]
 [0. 0. 1.]]
[[-0.      0.8944  0.4472]
 [-1.     -0.      0.    ]
 [ 0.     -0.4472  0.8944]]
[[1. 0. 0.]
 [0. 1. 0.]
 [0. 0. 1.]]
[[ 0.  0. -1.]
 [ 1.  0.  0.]
 [ 0. -1. -0.]]
[[1. 0. 0.]
 [0. 1. 0.]
 [0. 0. 1.]]
[[-0. -0. -1.]
 [-1. -0. -0.]
 [-0. -1. -0.]]
[[1. 0. 0.]
 [0. 1. 0.]
 [0. 0. 1.]]
[[-0.      0.8944  0.4472]
 [ 0.309  -0.4253  0.8507]
 [-0.9511 -0.1382  0.2764]]
[[1. 0. 0.]
 [0. 1. 0.]
 [0. 0. 1.]]
[[-0.5257  0.7236 -0.4472]
 [-0.5     0.1625  0.8507]
 [-0.6882 -0.6708 -0.2764]]
[[1. 0. 0.]
 [0. 1. 0.]
 [0. 0. 1.]]
[[ 0.8507 -0.2764 -0.4472]
 [-0.5    -0.6882 -0.5257]
 [ 0.1625 -0.6708  0.7236]]
[[1. 0. 0.]
 [0. 1. 0.]
 [0. 0. 1.]]
[[ 0.8507  0.2764  0.4472]
 [ 0.309  -0.9511 -0.    ]
 [-0.4253 -0.1382  0.8944]]
[[1. 0. 0.]
 [0. 1. 0.]
 [0. 0. 1.]]
[[ 0.      0.8944  0.4472]
 [ 0.309   0.4253 -0.8507]
 [ 0.9511 -0.1382  0.2764]]
[[1. 0. 0.]
 [0. 1. 0.]
 [0. 0. 1.]]
[[ 0.5257  0.7236 -0.4472]
 [-0.5    -0.1625 -0.8507]
 [ 0.6882 -0.6708 -0.2764]]
[[1. 0. 0.]
 [0. 1. 0.]
 [0. 0. 1.]]
[[-0.8507 -0.2764 -0.4472]
 [-0.5     0.6882  0.5257]
 [-0.1625 -0.6708  0.7236]]
[[1. 0. 0.]
 [0. 1. 0.]
 [0. 0. 1.]]
[[-0.8507  0.2764  0.4472]
 [ 0.309   0.9511  0.    ]
 [ 0.4253 -0.1382  0.8944]]
[[1. 0. 0.]
 [0. 1. 0.]
 [0. 0. 1.]]
[[-0.5257 -0.7236  0.4472]
 [ 0.809  -0.2629  0.5257]
 [ 0.2629 -0.6382 -0.7236]]
[[1. 0. 0.]
 [0. 1. 0.]
 [0. 0. 1.]]
[[-0.8507 -0.2764 -0.4472]
 [-0.309  -0.4253  0.8507]
 [ 0.4253 -0.8618 -0.2764]]
[[1. 0. 0.]
 [0. 1. 0.]
 [0. 0. 1.]]
[[ 0.8507 -0.2764 -0.4472]
 [-0.309   0.4253 -0.8507]
 [-0.4253 -0.8618 -0.2764]]
[[1. 0. 0.]
 [0. 1. 0.]
 [0. 0. 1.]]
[[ 0.5257 -0.7236  0.4472]
 [ 0.809   0.2629 -0.5257]
 [-0.2629 -0.6382 -0.7236]]
[[1. 0. 0.]
 [0. 1. 0.]
 [0. 0. 1.]]
[[-0.      0.     -1.    ]
 [ 0.809   0.5878  0.    ]
 [-0.5878  0.809   0.    ]]
[[1. 0. 0.]
 [0. 1. 0.]
 [0. 0. 1.]]
[[-0.      0.     -1.    ]
 [-0.309   0.9511  0.    ]
 [-0.9511 -0.309   0.    ]]
[[1. 0. 0.]
 [0. 1. 0.]
 [0. 0. 1.]]
[[ 0.      0.     -1.    ]
 [-0.309  -0.9511 -0.    ]
 [ 0.9511 -0.309   0.    ]]
[[1. 0. 0.]
 [0. 1. 0.]
 [0. 0. 1.]]
[[ 0.      0.     -1.    ]
 [ 0.809  -0.5878 -0.    ]
 [ 0.5878  0.809   0.    ]]
[[1. 0. 0.]
 [0. 1. 0.]
 [0. 0. 1.]]
[[-0.8507  0.2764  0.4472]
 [-0.5    -0.6882 -0.5257]
 [-0.1625  0.6708 -0.7236]]
[[1. 0. 0.]
 [0. 1. 0.]
 [0. 0. 1.]]
[[-0.5257  0.7236 -0.4472]
 [-0.809  -0.5878 -0.    ]
 [ 0.2629 -0.3618 -0.8944]]
[[1. 0. 0.]
 [0. 1. 0.]
 [0. 0. 1.]]
[[-0.     -0.8944 -0.4472]
 [-0.809   0.2629 -0.5257]
 [-0.5878 -0.3618  0.7236]]
[[1. 0. 0.]
 [0. 1. 0.]
 [0. 0. 1.]]
[[-0.5257 -0.7236  0.4472]
 [-0.5    -0.1625 -0.8507]
 [-0.6882  0.6708  0.2764]]
[[1. 0. 0.]
 [0. 1. 0.]
 [0. 0. 1.]]
[[ 0.5257 -0.7236  0.4472]
 [-0.5     0.1625  0.8507]
 [ 0.6882  0.6708  0.2764]]
[[1. 0. 0.]
 [0. 1. 0.]
 [0. 0. 1.]]
[[ 0.     -0.8944 -0.4472]
 [-0.809  -0.2629  0.5257]
 [ 0.5878 -0.3618  0.7236]]
[[1. 0. 0.]
 [0. 1. 0.]
 [0. 0. 1.]]
[[ 0.5257  0.7236 -0.4472]
 [-0.809   0.5878  0.    ]
 [-0.2629 -0.3618 -0.8944]]
[[1. 0. 0.]
 [0. 1. 0.]
 [0. 0. 1.]]
[[ 0.8507  0.2764  0.4472]
 [-0.5     0.6882  0.5257]
 [ 0.1625  0.6708 -0.7236]]
[[1. 0. 0.]
 [0. 1. 0.]
 [0. 0. 1.]]
[[-0.8507  0.2764  0.4472]
 [-0.     -0.8507  0.5257]
 [-0.5257 -0.4472 -0.7236]]
[[1. 0. 0.]
 [0. 1. 0.]
 [0. 0. 1.]]
[[ 0.5257 -0.7236  0.4472]
 [-0.     -0.5257 -0.8507]
 [-0.8507 -0.4472  0.2764]]
[[1. 0. 0.]
 [0. 1. 0.]
 [0. 0. 1.]]
[[ 0.5257  0.7236 -0.4472]
 [-0.      0.5257  0.8507]
 [-0.8507  0.4472 -0.2764]]
[[1. 0. 0.]
 [0. 1. 0.]
 [0. 0. 1.]]
[[ 0.8507 -0.2764 -0.4472]
 [-0.     -0.8507  0.5257]
 [ 0.5257  0.4472  0.7236]]
[[1. 0. 0.]
 [0. 1. 0.]
 [0. 0. 1.]]
[[-0.5257  0.7236 -0.4472]
 [-0.     -0.5257 -0.8507]
 [ 0.8507  0.4472 -0.2764]]
[[1. 0. 0.]
 [0. 1. 0.]
 [0. 0. 1.]]
[[-0.8507 -0.2764 -0.4472]
 [-0.      0.8507 -0.5257]
 [-0.5257  0.4472  0.7236]]
[[1. 0. 0.]
 [0. 1. 0.]
 [0. 0. 1.]]
[[-0.5257 -0.7236  0.4472]
 [-0.      0.5257  0.8507]
 [ 0.8507 -0.4472  0.2764]]
[[1. 0. 0.]
 [0. 1. 0.]
 [0. 0. 1.]]
[[ 0.8507  0.2764  0.4472]
 [-0.      0.8507 -0.5257]
 [ 0.5257 -0.4472 -0.7236]]
[[1. 0. 0.]
 [0. 1. 0.]
 [0. 0. 1.]]
[[-0.8507  0.2764  0.4472]
 [ 0.5     0.1625  0.8507]
 [-0.1625 -0.9472  0.2764]]
[[1. 0. 0.]
 [0. 1. 0.]
 [0. 0. 1.]]
[[ 0.8507  0.2764  0.4472]
 [ 0.5    -0.1625 -0.8507]
 [ 0.1625 -0.9472  0.2764]]
[[1. 0. 0.]
 [0. 1. 0.]
 [0. 0. 1.]]
[[-0.5257  0.7236 -0.4472]
 [ 0.5     0.6882  0.5257]
 [-0.6882 -0.0528  0.7236]]
[[1. 0. 0.]
 [0. 1. 0.]
 [0. 0. 1.]]
[[ 0.5257  0.7236 -0.4472]
 [ 0.5    -0.6882 -0.5257]
 [ 0.6882 -0.0528  0.7236]]
[[1. 0. 0.]
 [0. 1. 0.]
 [0. 0. 1.]]
[[-0.8507 -0.2764 -0.4472]
 [ 0.309  -0.9511 -0.    ]
 [ 0.4253  0.1382 -0.8944]]
[[1. 0. 0.]
 [0. 1. 0.]
 [0. 0. 1.]]
[[-0.     -0.8944 -0.4472]
 [ 0.309   0.4253 -0.8507]
 [-0.9511  0.1382 -0.2764]]
[[1. 0. 0.]
 [0. 1. 0.]
 [0. 0. 1.]]
[[ 0.     -0.8944 -0.4472]
 [ 0.309  -0.4253  0.8507]
 [ 0.9511  0.1382 -0.2764]]
[[1. 0. 0.]
 [0. 1. 0.]
 [0. 0. 1.]]
[[ 0.8507 -0.2764 -0.4472]
 [ 0.309   0.9511  0.    ]
 [-0.4253  0.1382 -0.8944]]
[[1. 0. 0.]
 [0. 1. 0.]
 [0. 0. 1.]]
[[-0.      0.8944  0.4472]
 [-0.809  -0.2629  0.5257]
 [-0.5878  0.3618 -0.7236]]
[[1. 0. 0.]
 [0. 1. 0.]
 [0. 0. 1.]]
[[ 0.5257 -0.7236  0.4472]
 [-0.809  -0.5878  0.    ]
 [-0.2629  0.3618  0.8944]]
[[1. 0. 0.]
 [0. 1. 0.]
 [0. 0. 1.]]
[[ 0.      0.8944  0.4472]
 [-0.809   0.2629 -0.5257]
 [ 0.5878  0.3618 -0.7236]]
[[1. 0. 0.]
 [0. 1. 0.]
 [0. 0. 1.]]
[[-0.5257 -0.7236  0.4472]
 [-0.809   0.5878 -0.    ]
 [ 0.2629  0.3618  0.8944]]
[[1. 0. 0.]
 [0. 1. 0.]
 [0. 0. 1.]]
[[-0.     -0.      1.    ]
 [ 0.809  -0.5878 -0.    ]
 [-0.5878 -0.809  -0.    ]]
[[1. 0. 0.]
 [0. 1. 0.]
 [0. 0. 1.]]
[[-0.5257 -0.7236  0.4472]
 [ 0.5    -0.6882 -0.5257]
 [-0.6882  0.0528 -0.7236]]
[[1. 0. 0.]
 [0. 1. 0.]
 [0. 0. 1.]]
[[-0.     -0.      1.    ]
 [-0.309  -0.9511 -0.    ]
 [-0.9511  0.309  -0.    ]]
[[1. 0. 0.]
 [0. 1. 0.]
 [0. 0. 1.]]
[[ 0.5257  0.7236 -0.4472]
 [ 0.809  -0.2629  0.5257]
 [-0.2629  0.6382  0.7236]]
[[1. 0. 0.]
 [0. 1. 0.]
 [0. 0. 1.]]
[[ 0.8507 -0.2764 -0.4472]
 [ 0.5     0.1625  0.8507]
 [ 0.1625  0.9472 -0.2764]]
[[1. 0. 0.]
 [0. 1. 0.]
 [0. 0. 1.]]
[[ 0.8507  0.2764  0.4472]
 [-0.309  -0.4253  0.8507]
 [-0.4253  0.8618  0.2764]]
[[1. 0. 0.]
 [0. 1. 0.]
 [0. 0. 1.]]
[[-0.5257  0.7236 -0.4472]
 [ 0.809   0.2629 -0.5257]
 [ 0.2629  0.6382  0.7236]]
[[1. 0. 0.]
 [0. 1. 0.]
 [0. 0. 1.]]
[[-0.8507 -0.2764 -0.4472]
 [ 0.5    -0.1625 -0.8507]
 [-0.1625  0.9472 -0.2764]]
[[1. 0. 0.]
 [0. 1. 0.]
 [0. 0. 1.]]
[[-0.8507  0.2764  0.4472]
 [-0.309   0.4253 -0.8507]
 [ 0.4253  0.8618  0.2764]]
[[1. 0. 0.]
 [0. 1. 0.]
 [0. 0. 1.]]
[[ 0.     -0.      1.    ]
 [ 0.809   0.5878  0.    ]
 [ 0.5878 -0.809  -0.    ]]
[[1. 0. 0.]
 [0. 1. 0.]
 [0. 0. 1.]]
[[ 0.5257 -0.7236  0.4472]
 [ 0.5     0.6882  0.5257]
 [ 0.6882  0.0528 -0.7236]]
[[1. 0. 0.]
 [0. 1. 0.]
 [0. 0. 1.]]
[[ 0.     -0.      1.    ]
 [-0.309   0.9511  0.    ]
 [ 0.9511  0.309  -0.    ]]
[[1. 0. 0.]
 [0. 1. 0.]
 [0. 0. 1.]]
[[ 0.      0.8944  0.4472]
 [ 1.     -0.      0.    ]
 [-0.     -0.4472  0.8944]]
[[1. 0. 0.]
 [0. 1. 0.]
 [0. 0. 1.]]
[[-0.     -0.8944 -0.4472]
